[[[245 229 220]
  [245 229 220]
  [244 228 219]
  ...
  [255 255 255]
  [255 255 255]
  [255 255 255]]

 [[245 229 220]
  [245 229 220]
  [245 229 220]
  ...
  [255 255 255]
  [255 255 255]
  [255 255 255]]

 [[246 230 221]
  [246 230 221]
  [246 230 221]
  ...
  [255 255 255]
  [255 255 255]
  [255 255 255]]

 ...

 [[  2  15  58]
  [  4  17  60]
  [  7  20  63]
  ...
  [ 20  42  95]
  [ 21  43  96]
  [ 26  48 101]]

 [[  5  17  64]
  [  5  17  64]
  [  7  17  62]
  ...
  [ 54  78 138]
  [ 42  66 126]
  [ 37  61 121]]

 [[ 12  24  71]
  [ 12  24  71]
  [  7  17  62]
  ...
  [ 65  89 149]
  [ 39  63 123]
  [ 26  50 110]]]